%% Init params
m = 0.1;
r = 0.05;
J = 0.5*m*r^2;
b = 0.0000095;
kt = 0.0187;
R = 0.6;
L = 0.35/1000;
ke = 0.0191;